cam0:
  camera_model: pinhole
  intrinsics: [558.2615219265234, 558.2615219265234, 320.5, 240.5]
  T_cam_imu:
  - [0.0, -1.0,0.0, 0]
  - [0.0, 0.0, -1.0,0.0]
  - [1.0, 0.0, 0.0, 0.20]
  - [0.0, 0.0, 0.0, 1.0]
  distortion_model: radtan
  distortion_coeffs: [0.0, 0.0, 0.0, 0.0]
  rostopic: /simple_camera/image_raw
  resolution: [640, 480]
