cam0:
  T_cam_imu:
  - - -0.10004565685010591
    - -0.9949828368301767
    - 0.00014477156226491846
    - 0.056995228873168186
  - - 0.9949825034190747
    - -0.10004574218884976
    - -0.0008169209226686525
    - 0.0022554499485371777
  - - 0.0008273060754974141
    - 6.231578114325903e-05
    - 0.9999996558406414
    - -0.10279710249938692
  - - 0.0
    - 0.0
    - 0.0
    - 1.0
  camera_model: pinhole
  distortion_coeffs:
  - 0.0
  - 0.0
  - 0.0
  - 0.0
  distortion_model: radtan
  intrinsics:
  - 585.7561
  - 585.7561
  - 320.5
  - 240.5
  resolution:
  - 640
  - 480
  rostopic: /simple_camera/image_raw
  timeshift_cam_imu: 0.003511059721943004
