cam0:
  camera_model: pinhole
  intrinsics: [597.4178930587029, 598.6906574366154, 326.08543254160844, 235.62533219091245]
  T_cam_imu:
  - [0.0, -1.0,0.0, 0]
  - [0.0, 0.0, -1.0,0.0]
  - [1.0, 0.0, 0.0, 0.20]
  - [0.0, 0.0, 0.0, 1.0]
  distortion_model: radtan
  distortion_coeffs: [0.13654222667925014, -0.2879406629580801, -0.0019104594441876172, 0.0010497955560015626]
#  distortion_coeffs: [0.0, -0.0, -0.0, 0.0]
  rostopic: /simple_camera/image_raw
  resolution: [640, 480]
