cam0:
  camera_model: pinhole
  intrinsics: [606.0150343825649, 606.3035923500496, 323.3991173372467, 233.81093687917368]
  T_cam_imu:
  - [0.0, -1.0,0.0, 0]
  - [0.0, 0.0, -1.0,0.0]
  - [1.0, 0.0, 0.0, 0.20]
  - [0.0, 0.0, 0.0, 1.0]
  distortion_model: radtan
  distortion_coeffs: [0.14602902462218062, -0.30091719899599123, 0.000731761369826297, -0.002067118828646463]
  rostopic: /simple_camera/image_raw
  resolution: [640, 480]
