cam0:
  T_cam_imu:
  - - 0.9999699213725946
    - 0.0018022399684134189
    - 0.007543757762807383
    - -0.041069597893996244
  - - -0.0017320159561228742
    - 0.9999552066631655
    - -0.009305094731072694
    - -0.006724874306282954
  - - -0.007560189866359127
    - 0.009291748937780996
    - 0.9999282508914639
    - -0.006005220016730155
  - - 0.0
    - 0.0
    - 0.0
    - 1.0
  cam_overlaps: []
  camera_model: pinhole
  distortion_coeffs:
  - 0.011135829319036753
  - -0.05338166866546771
  - 0.15329931633590166
  - -0.13466179481915064
  distortion_model: equidistant
  intrinsics:
  - 468.2527687453535
  - 468.3265694180005
  - 364.91196913276707
  - 215.81303741968622
  resolution:
  - 752
  - 480
  rostopic: /cam0/image_raw
  timeshift_cam_imu: 0.001045951835002167
