cam0:
  T_cam_imu:
  - - 0.999969863433218
    - 0.0015946222372509406
    - 0.007597986922317299
    - -0.04231049342642303
  - - -0.001534308484094785
    - 0.9999673216514253
    - -0.007937350108855348
    - -0.018909763438168407
  - - -0.007610395707640613
    - 0.00792545324857677
    - 0.9999396327118841
    - -0.0058829189510096495
  - - 0.0
    - 0.0
    - 0.0
    - 1.0
  cam_overlaps: []
  camera_model: pinhole
  distortion_coeffs:
  - 0.011135829319036753
  - -0.05338166866546771
  - 0.15329931633590166
  - -0.13466179481915064
  distortion_model: equidistant
  intrinsics:
  - 468.2527687453535
  - 468.3265694180005
  - 364.91196913276707
  - 215.81303741968622
  resolution:
  - 752
  - 480
  rostopic: /cam0/image_raw
  timeshift_cam_imu: 0.0012084003774443294
