cam0:
  T_cam_imu:
  - - 0.0010570077664994737
    - 0.9999856361940043
    - -0.005254535207985245
    - -0.08480103819585247
  - - 0.0005597807757302675
    - 0.0052539456352857505
    - 0.9999860412529479
    - -0.0796088422800119
  - - 0.9999992846897755
    - -0.001059934399790241
    - -0.0005542192738065554
    - 0.008938428072892782
  - - 0.0
    - 0.0
    - 0.0
    - 1.0
  camera_model: pinhole
  distortion_coeffs:
  - 0.13654222667925014
  - -0.2879406629580801
  - -0.0019104594441876172
  - 0.0010497955560015626
  distortion_model: radtan
  intrinsics:
  - 597.4178930587029
  - 598.6906574366154
  - 326.08543254160844
  - 235.62533219091245
  resolution:
  - 640
  - 480
  rostopic: /simple_camera/image_raw
