cam0:
  T_cam_imu:
  - - 0.9999747846017703
    - 0.0009498046169884539
    - 0.00703761549331396
    - -0.03938437242972869
  - - -0.0008959609129834687
    - 0.9999703365424685
    - -0.007650051580458413
    - -0.015320782175912026
  - - -0.0070446727876169735
    - 0.007643553252958722
    - 0.999945972880027
    - -0.0021904785719605918
  - - 0.0
    - 0.0
    - 0.0
    - 1.0
  cam_overlaps: []
  camera_model: pinhole
  distortion_coeffs:
  - 0.011135829319036753
  - -0.05338166866546771
  - 0.15329931633590166
  - -0.13466179481915064
  distortion_model: equidistant
  intrinsics:
  - 468.2527687453535
  - 468.3265694180005
  - 364.91196913276707
  - 215.81303741968622
  resolution:
  - 752
  - 480
  rostopic: /cam0/image_raw
  timeshift_cam_imu: 0.0012347069815510125
