cam0:
  T_cam_imu:
  - - 0.5801619787612109
    - 0.7626109485538339
    - 0.28607100437775496
    - 0.005394655511855784
  - - -0.23437547532109676
    - 0.4926752029508403
    - -0.8380568482897552
    - -0.03141502536165769
  - - -0.780051418156448
    - 0.41916069179154847
    - 0.46456872418291806
    - -0.028394356502379883
  - - 0.0
    - 0.0
    - 0.0
    - 1.0
  camera_model: pinhole
  distortion_coeffs:
  - 0.0
  - 0.0
  - 0.0
  - 0.0
  distortion_model: radtan
  intrinsics:
  - 606.0150343825649
  - 606.3035923500496
  - 323.3991173372467
  - 233.81093687917368
  resolution:
  - 640
  - 480
  rostopic: /camera/color/image_raw
  timeshift_cam_imu: 0.4632458106514751
