cam0:
  T_cam_imu:
  - - 0.9999698995685073
    - 0.00027654781351493546
    - 0.0077539330829859456
    - -0.04207697404902439
  - - -0.00020962299910299873
    - 0.9999627340143451
    - -0.00863056433574982
    - -0.008027310783799922
  - - -0.007756030888723361
    - 0.008628679149331592
    - 0.9999326926753571
    - -0.00608506155818361
  - - 0.0
    - 0.0
    - 0.0
    - 1.0
  cam_overlaps: []
  camera_model: pinhole
  distortion_coeffs:
  - 0.011135829319036753
  - -0.05338166866546771
  - 0.15329931633590166
  - -0.13466179481915064
  distortion_model: equidistant
  intrinsics:
  - 468.2527687453535
  - 468.3265694180005
  - 364.91196913276707
  - 215.81303741968622
  resolution:
  - 752
  - 480
  rostopic: /cam0/image_raw
  timeshift_cam_imu: 0.00098742694331843
