cam0:
  T_cam_imu:
  - - 0.9999710966499977
    - 0.0054345342753815895
    - 0.00531711404902168
    - -0.039760594753121874
  - - -0.005395578632117571
    - 0.9999586987841403
    - -0.007313580323829646
    - -6.140528577056643e-05
  - - -0.005356640348692201
    - 0.007284680029910344
    - 0.9999591190848935
    - 0.0007652981942989097
  - - 0.0
    - 0.0
    - 0.0
    - 1.0
  cam_overlaps: []
  camera_model: pinhole
  distortion_coeffs:
  - 0.017082889217014646
  - -0.11632879437546424
  - 0.4211489773748253
  - -0.539046482755148
  distortion_model: equidistant
  intrinsics:
  - 469.2305248779219
  - 469.277613993305
  - 364.8969722428159
  - 215.0564195894714
  resolution:
  - 752
  - 480
  rostopic: /cam0/image_raw
  timeshift_cam_imu: 0.0011477960645347185
