cam0:
  T_cam_imu:
  - - 0.03555943813606288
    - 0.9884649779779493
    - 0.14721587438349837
    - -0.0653694768762563
  - - 0.04446156181466693
    - -0.14872794856001845
    - 0.9878781133510992
    - -0.08369224439195254
  - - 0.9983780325510203
    - -0.028582942958676805
    - -0.04923737900592354
    - 0.013366758968546593
  - - 0.0
    - 0.0
    - 0.0
    - 1.0
  camera_model: pinhole
  distortion_coeffs:
  - 0.04793916
  - -0.43581675
  - -0.00221563
  - 0.002124
  distortion_model: radtan
  intrinsics:
  - 561.66641385
  - 559.55436565
  - 323.63252981
  - 235.68826638
  resolution:
  - 640
  - 480
  rostopic: /simple_camera/image_raw
  timeshift_cam_imu: 0.005610315719371246
