cam0:
  T_cam_imu:
  - - 0.999977852713345
    - 0.002821286725215094
    - 0.006027804245550728
    - -0.04131619269227681
  - - -0.0027700919673528312
    - 0.9999601679703188
    - -0.008484636896477944
    - -0.0024637530751811824
  - - -0.006051501739317408
    - 0.008467751412671056
    - 0.99994583678953
    - -0.00691993148913232
  - - 0.0
    - 0.0
    - 0.0
    - 1.0
  cam_overlaps: []
  camera_model: pinhole
  distortion_coeffs:
  - 0.011135829319036753
  - -0.05338166866546771
  - 0.15329931633590166
  - -0.13466179481915064
  distortion_model: equidistant
  intrinsics:
  - 468.2527687453535
  - 468.3265694180005
  - 364.91196913276707
  - 215.81303741968622
  resolution:
  - 752
  - 480
  rostopic: /cam0/image_raw
  timeshift_cam_imu: 0.0012464283225943299
