cam0:
  T_cam_imu:
  - - 0.9999722268352538
    - 0.002033416670957279
    - 0.007170130736985946
    - -0.04071191447298044
  - - -0.0019711673170815895
    - 0.9999604011906447
    - -0.008678165131671264
    - -0.005222677696634396
  - - -0.007187493133997902
    - 0.008663790584193422
    - 0.9999366373301668
    - -0.002899695405530115
  - - 0.0
    - 0.0
    - 0.0
    - 1.0
  cam_overlaps: []
  camera_model: pinhole
  distortion_coeffs:
  - 0.011135829319036753
  - -0.05338166866546771
  - 0.15329931633590166
  - -0.13466179481915064
  distortion_model: equidistant
  intrinsics:
  - 468.2527687453535
  - 468.3265694180005
  - 364.91196913276707
  - 215.81303741968622
  resolution:
  - 752
  - 480
  rostopic: /cam0/image_raw
  timeshift_cam_imu: 0.0014042984999845167
