cam0:
  T_cam_imu:
  - - 0.9999764147086171
    - 0.0009696643793479482
    - 0.006799248303383767
    - -0.04134574008473849
  - - -0.0009064272995215683
    - 0.999956366302314
    - -0.00929752015447218
    - -0.006663924583672461
  - - -0.006807967101148867
    - 0.009291137845471786
    - 0.9999336609703094
    - -0.006328113836521919
  - - 0.0
    - 0.0
    - 0.0
    - 1.0
  cam_overlaps: []
  camera_model: pinhole
  distortion_coeffs:
  - 0.011135829319036753
  - -0.05338166866546771
  - 0.15329931633590166
  - -0.13466179481915064
  distortion_model: equidistant
  intrinsics:
  - 468.2527687453535
  - 468.3265694180005
  - 364.91196913276707
  - 215.81303741968622
  resolution:
  - 752
  - 480
  rostopic: /cam0/image_raw
  timeshift_cam_imu: 0.0011860565697835947
