cam0:
  T_cam_imu:
  - - 0.9999710623129153
    - 9.550629952588627e-05
    - 0.007606932057465627
    - -0.045323665323598515
  - - -2.5658631172360414e-05
    - 0.9999578471959181
    - -0.009181675933083465
    - -0.02582695591885802
  - - -0.007607488311840756
    - 0.009181215053154383
    - 0.9999289131791987
    - -0.014558590738874198
  - - 0.0
    - 0.0
    - 0.0
    - 1.0
  cam_overlaps: []
  camera_model: pinhole
  distortion_coeffs:
  - 0.012245093310874177
  - -0.06011529683474609
  - 0.17162762296825532
  - -0.1534183302579763
  distortion_model: equidistant
  intrinsics:
  - 468.906082694885
  - 468.95979206327786
  - 364.8533346068778
  - 215.4937445050946
  resolution:
  - 752
  - 480
  rostopic: /cam0/image_raw
  timeshift_cam_imu: 0.001557271325479997
