cam0:
  cam_overlaps: []
  camera_model: pinhole
  distortion_coeffs:
  - 0.06979933969220824
  - -0.14481378773459905
  - -0.00402808437494219
  - 0.005838274438108393
  distortion_model: radtan
  intrinsics:
  - 585.5496689684542
  - 585.7711763437022
  - 332.0091926095459
  - 237.13019572784947
  resolution:
  - 640
  - 480
  rostopic: /simple_camera/image_raw
