cam0:
  T_cam_imu:
  - - 0.9999747328134858
    - 0.0011095698125249875
    - 0.0070215802658311465
    - -0.042629722864668027
  - - -0.0010478438190976616
    - 0.9999608315646855
    - -0.008788478810020034
    - -0.006340498162883119
  - - -0.00703105667230431
    - 0.008780899230404914
    - 0.999936728023717
    - -0.010629624006477028
  - - 0.0
    - 0.0
    - 0.0
    - 1.0
  cam_overlaps: []
  camera_model: pinhole
  distortion_coeffs:
  - 0.011135829319036753
  - -0.05338166866546771
  - 0.15329931633590166
  - -0.13466179481915064
  distortion_model: equidistant
  intrinsics:
  - 468.2527687453535
  - 468.3265694180005
  - 364.91196913276707
  - 215.81303741968622
  resolution:
  - 752
  - 480
  rostopic: /cam0/image_raw
  timeshift_cam_imu: 0.001242265201125741
