cam0:
  cam_overlaps: []
  camera_model: pinhole
  distortion_coeffs:
  - 0.011135829319036753
  - -0.05338166866546771
  - 0.15329931633590166
  - -0.13466179481915064
  distortion_model: equidistant
  intrinsics:
  - 468.2527687453535
  - 468.3265694180005
  - 364.91196913276707
  - 215.81303741968622
  resolution:
  - 752
  - 480
  rostopic: /cam0/image_raw
