cam0:
  T_cam_imu:
  - - 0.9999693082389058
    - 4.951587382374362e-05
    - 0.007834547107649692
    - -0.04395231498954226
  - - 2.1681705731892154e-05
    - 0.9999587094138727
    - -0.009087298677026972
    - -0.005123180262488168
  - - -0.007834673580142268
    - 0.009087189638171919
    - 0.9999280178464709
    - -0.010591616428853597
  - - 0.0
    - 0.0
    - 0.0
    - 1.0
  cam_overlaps: []
  camera_model: pinhole
  distortion_coeffs:
  - 0.011135829319036753
  - -0.05338166866546771
  - 0.15329931633590166
  - -0.13466179481915064
  distortion_model: equidistant
  intrinsics:
  - 468.2527687453535
  - 468.3265694180005
  - 364.91196913276707
  - 215.81303741968622
  resolution:
  - 752
  - 480
  rostopic: /cam0/image_raw
  timeshift_cam_imu: 0.0011268574446884486
