cam0:
  T_cam_imu:
  - - 0.9999639591149817
    - 0.0004936200987930118
    - 0.008475659873396579
    - -0.040080593699686064
  - - -0.0004195363315404369
    - 0.9999617146547998
    - -0.008740321155395041
    - -0.010398401735703812
  - - -0.008479649778024735
    - 0.008736450299234587
    - 0.9999258822411845
    - -0.0018510811471033044
  - - 0.0
    - 0.0
    - 0.0
    - 1.0
  cam_overlaps: []
  camera_model: pinhole
  distortion_coeffs:
  - 0.011135829319036753
  - -0.05338166866546771
  - 0.15329931633590166
  - -0.13466179481915064
  distortion_model: equidistant
  intrinsics:
  - 468.2527687453535
  - 468.3265694180005
  - 364.91196913276707
  - 215.81303741968622
  resolution:
  - 752
  - 480
  rostopic: /cam0/image_raw
  timeshift_cam_imu: 0.0012302761676498473
