cam0:
  T_cam_imu:
  - - 0.999972442735117
    - 0.0009002372861370999
    - 0.007369080213387138
    - -0.04060636856795691
  - - -0.00083605585445808
    - 0.9999617350548625
    - -0.008708009914821962
    - -0.008651480707009811
  - - -0.007376637511150435
    - 0.008701608983231765
    - 0.9999349314931104
    - -0.0001581404498717871
  - - 0.0
    - 0.0
    - 0.0
    - 1.0
  cam_overlaps: []
  camera_model: pinhole
  distortion_coeffs:
  - 0.012245093310874177
  - -0.06011529683474609
  - 0.17162762296825532
  - -0.1534183302579763
  distortion_model: equidistant
  intrinsics:
  - 468.906082694885
  - 468.95979206327786
  - 364.8533346068778
  - 215.4937445050946
  resolution:
  - 752
  - 480
  rostopic: /cam0/image_raw
  timeshift_cam_imu: 0.0010717539755843825
